Price_9	Price_10	Price_11
181	186	113
157	176	141
190	172	164
127	126	159
110	91	152
146	139	140
116	105	110
171	180	96
170	134	137
167	168	166
144	157	103
141	148	96
160	175	148
128	158	152
175	134	129
197	210	176
186	106	145
146	174	122
131	133	99
129	158	117
		
		
		
		
		
		
		
		
		
		
		
		
		
		
		
		
		
		
		
		
		
		
		
		
		
		
		
		
		
		
		
		
		
		
		
		
		
		
		
		
		
		
		
		
		
		
		
		
		
		
		
		
		
		
		
		
		
		
		
		
		
		
		
		
		
		
		
		
		
		
		
		
		
		
		
		
		
		
		
		
		
		
		
		
		
		
		
		
		
		
		
		
		
		
		
		
		
		
		
		
		
		
		
		
		
		
		
		
		
		
		
		
		
		
		
		
		
		
		
		
		
		
		
		
		
		
		
		
		
		
